#ARM00087585 1957 07 01 00 9999    9 ncdc6310          -345800  -584800
21 -9999 102200    25    50   860 -9999   220    20 
10 -9999 100000   205    30   900 -9999 -9999 -9999 
10 -9999  85000  1523    30   420 -9999 -9999 -9999 
10 -9999  70000  3076   -50   400 -9999 -9999 -9999 
10 -9999  50000  5627  -240   570 -9999 -9999 -9999 
10 -9999  40000  7217  -360   780 -9999 -9999 -9999 
10 -9999  30000  9070  -500 -9999 -9999 -9999 -9999 
10 -9999  20000 11630  -550 -9999 -9999 -9999 -9999 
10 -9999  15000 13460  -570 -9999 -9999 -9999 -9999 
#ARM00087585 1957 07 01 12 9999   11 ncdc6310          -345800  -584800
21 -9999 102200    25    20   960 -9999     0     0 
10 -9999 100000   202    40   830 -9999 -9999 -9999 
10 -9999  85000  1515    20   530 -9999 -9999 -9999 
10 -9999  70000  3056   -70   780 -9999 -9999 -9999 
10 -9999  50000  5589  -250   820 -9999 -9999 -9999 
10 -9999  40000  7171  -370   620 -9999 -9999 -9999 
10 -9999  30000  9100  -540 -9999 -9999 -9999 -9999 
10 -9999  20000 11690  -530 -9999 -9999 -9999 -9999 
10 -9999  15000 13540  -560 -9999 -9999 -9999 -9999 
10 -9999  10000 16100  -600 -9999 -9999 -9999 -9999 
10 -9999   7000 18310  -620 -9999 -9999 -9999 -9999 
#ARM00087585 1957 07 02 00 9999   10 ncdc6310          -345800  -584800
21 -9999 102200    25    60   760 -9999     0     0 
10 -9999 100000   201    70   720 -9999 -9999 -9999 
10 -9999  85000  1522    40   460 -9999 -9999 -9999 
10 -9999  70000  3088   -50   340 -9999 -9999 -9999 
10 -9999  50000  5655  -220   420 -9999 -9999 -9999 
10 -9999  40000  7251  -370   620 -9999 -9999 -9999 
10 -9999  30000  9180  -520 -9999 -9999 -9999 -9999 
10 -9999  20000 11720  -550 -9999 -9999 -9999 -9999 
10 -9999  15000 13540  -590 -9999 -9999 -9999 -9999 
10 -9999  10000 16040  -660 -9999 -9999 -9999 -9999 
#ARM00087585 1957 07 02 12 9999   11 ncdc6310          -345800  -584800
21 -9999 102400    25    30   930 -9999   320    10 
10 -9999 100000   216    60   700 -9999   280    90 
10 -9999  85000  1543    30   350 -9999   230   100 
10 -9999  70000  3091   -60   300 -9999   220    80 
10 -9999  50000  5679  -190   470 -9999   230   140 
10 -9999  40000  7289  -340   520 -9999   250   170 
10 -9999  30000  9230  -510 -9999 -9999   250   150 
10 -9999  20000 11770  -610 -9999 -9999   260   230 
10 -9999  15000 13550  -610 -9999 -9999   240   300 
10 -9999  10000 16070  -590 -9999 -9999   270   310 
10 -9999   7000 18270  -630 -9999 -9999   270   240 
#ARM00087585 1957 07 03 00 9999   10 ncdc6310          -345800  -584800
21 -9999 102200    25   100   740 -9999   340    20 
10 -9999 100000   207   100   700 -9999 -9999 -9999 
10 -9999  85000  1544    80   380 -9999 -9999 -9999 
10 -9999  70000  3134   -10   470 -9999 -9999 -9999 
10 -9999  50000  5746  -160   470 -9999 -9999 -9999 
10 -9999  40000  7381  -300   470 -9999 -9999 -9999 
10 -9999  30000  9350  -480 -9999 -9999 -9999 -9999 
10 -9999  20000 11900  -610 -9999 -9999 -9999 -9999 
10 -9999  15000 13710  -590 -9999 -9999 -9999 -9999 
10 -9999  10000 16230  -630 -9999 -9999 -9999 -9999 
#ARM00087585 1957 07 03 12 9999   10 ncdc6310          -345800  -584800
21 -9999 102300    25    50   840 -9999   320    20 
10 -9999 100000   210   110   550 -9999   300   150 
10 -9999  85000  1570   100   520 -9999   300    80 
10 -9999  70000  3162    10   520 -9999   250    80 
10 -9999  50000  5795  -140   690 -9999   270   190 
10 -9999  40000  7443  -270 -9999 -9999   270   190 
10 -9999  30000  9390  -440 -9999 -9999   240   190 
10 -9999  20000 11960  -640 -9999 -9999   240   150 
10 -9999  15000 13710  -620 -9999 -9999   240   220 
10 -9999  10000 16220  -650 -9999 -9999   270   220 
#ARM00087585 1957 07 04 00 9999   10 ncdc6310          -345800  -584800
21 -9999 102100    25   120   690 -9999   320    10 
10 -9999 100000   198   140   650 -9999 -9999 -9999 
10 -9999  85000  1553   130   320 -9999 -9999 -9999 
10 -9999  70000  3177    40   350 -9999 -9999 -9999 
10 -9999  50000  5836  -100 -9999 -9999 -9999 -9999 
10 -9999  40000  7517  -210 -9999 -9999 -9999 -9999 
10 -9999  30000  9580  -350 -9999 -9999 -9999 -9999 
10 -9999  20000 12270  -580 -9999 -9999 -9999 -9999 
10 -9999  15000 14030  -640 -9999 -9999 -9999 -9999 
10 -9999  10000 16540  -600 -9999 -9999 -9999 -9999 
#ARM00087585 1957 07 04 12 9999   10 ncdc6310          -345800  -584800
21 -9999 102000    25    80   810 -9999    20    30 
10 -9999 100000   185   100   630 -9999   330   100 
10 -9999  85000  1553   120   450 -9999    10   140 
10 -9999  70000  3166   120   480 -9999    30    20 
10 -9999  50000  5876   -90   400 -9999   250    70 
10 -9999  40000  7557  -230   460 -9999   270   100 
10 -9999  30000  9600  -400 -9999 -9999   240    90 
10 -9999  20000 12240  -600 -9999 -9999   210   310 
10 -9999  15000 13990  -690 -9999 -9999   230   190 
10 -9999  10000 16440  -650 -9999 -9999   250   190 
#ARM00087585 1957 07 05 00 9999    8 ncdc6310          -345800  -584800
21 -9999 101600    25   130   720 -9999    50    30 
10 -9999 100000   160   140   620 -9999 -9999 -9999 
10 -9999  85000  1532   150   320 -9999 -9999 -9999 
10 -9999  70000  3159    80   280 -9999 -9999 -9999 
10 -9999  50000  5839  -100   250 -9999 -9999 -9999 
10 -9999  40000  7522  -220 -9999 -9999 -9999 -9999 
10 -9999  30000  9580  -370 -9999 -9999 -9999 -9999 
10 -9999  20000 12280  -560 -9999 -9999 -9999 -9999 
#ARM00087585 1957 07 05 12 9999   12 ncdc6310          -345800  -584800
21 -9999 101200    25   110   920 -9999    50    20 
10 -9999 100000   123   110   930 -9999   350    70 
10 -9999  85000  1485   160   390 -9999   350   200 
10 -9999  70000  3124    90   270 -9999   350   170 
10 -9999  50000  5807  -100   280 -9999 -9999 -9999 
10 -9999  40000  7490  -220   270 -9999 -9999 -9999 
10 -9999  30000  9530  -400 -9999 -9999 -9999 -9999 
10 -9999  20000 12170  -620 -9999 -9999 -9999 -9999 
10 -9999  15000 13940  -650 -9999 -9999 -9999 -9999 
10 -9999  10000 16390  -660 -9999 -9999 -9999 -9999 
10 -9999   7000 18580  -630 -9999 -9999 -9999 -9999 
10 -9999   5000 20670  -610 -9999 -9999 -9999 -9999 
#ARM00087585 1957 07 06 00 9999    8 ncdc6310          -345800  -584800
21 -9999 101000    25    60   880 -9999    30    40 
10 -9999 100000   108   170   890 -9999 -9999 -9999 
10 -9999  85000  1489   130   580 -9999 -9999 -9999 
10 -9999  70000  3118    80   480 -9999 -9999 -9999 
10 -9999  50000  5777  -110 -9999 -9999 -9999 -9999 
10 -9999  40000  7443  -240 -9999 -9999 -9999 -9999 
10 -9999  30000  9470  -400 -9999 -9999 -9999 -9999 
10 -9999  20000 12100  -610 -9999 -9999 -9999 -9999 
#ARM00087585 1957 07 06 12 9999   10 ncdc6310          -345800  -584800
21 -9999 100600    25   160   850 -9999    30    40 
10 -9999 100000    80   170   890 -9999   360    90 
10 -9999  85000  1465   140   730 -9999   330   170 
10 -9999  70000  3099   120   320 -9999   340   170 
10 -9999  50000  5788  -100   390 -9999   310   220 
10 -9999  40000  7464  -230   400 -9999   300   220 
10 -9999  30000  9500  -400 -9999 -9999 -9999 -9999 
10 -9999  20000 12160  -580 -9999 -9999 -9999 -9999 
10 -9999  15000 13930  -610 -9999 -9999 -9999 -9999 
10 -9999  10000 16450  -580 -9999 -9999 -9999 -9999 
#ARM00087585 1957 07 07 00 9999    7 ncdc6310          -345800  -584800
21 -9999 100700    25   180   840 -9999    30    20 
10 -9999 100000    87   180   860 -9999 -9999 -9999 
10 -9999  85000  1462   100  1000 -9999 -9999 -9999 
10 -9999  70000  3058    40   700 -9999 -9999 -9999 
10 -9999  50000  5731  -130   530 -9999 -9999 -9999 
10 -9999  40000  7385  -260   600 -9999 -9999 -9999 
10 -9999  30000  9400  -440 -9999 -9999 -9999 -9999 
#ARM00087585 1957 07 07 12 9999   11 ncdc6310          -345800  -584800
21 -9999 101400    25   100   970 -9999   160    20 
10 -9999 100000   143   120   750 -9999   160    30 
10 -9999  85000  1504    90   400 -9999    10    20 
10 -9999  70000  3082    10   450 -9999   260   160 
10 -9999  50000  5697  -180   390 -9999   250   230 
10 -9999  40000  7320  -330   350 -9999   210   280 
10 -9999  30000  9280  -480 -9999 -9999   290   250 
10 -9999  20000 11860  -580 -9999 -9999   280   260 
10 -9999  15000 13660  -600 -9999 -9999   270   260 
10 -9999  10000 16160  -670 -9999 -9999   290   130 
10 -9999   7000 18310  -670 -9999 -9999   300   100 
#ARM00087585 1957 07 08 00 9999    9 ncdc6310          -345800  -584800
21 -9999 100700    25   140   880 -9999    50    20 
10 -9999 100000    86   150   800 -9999 -9999 -9999 
10 -9999  85000  1467   140   400 -9999 -9999 -9999 
10 -9999  70000  3081    40   420 -9999 -9999 -9999 
10 -9999  50000  5712  -150   530 -9999 -9999 -9999 
10 -9999  40000  7354  -290   500 -9999 -9999 -9999 
10 -9999  30000  9330  -460 -9999 -9999 -9999 -9999 
10 -9999  20000 11920  -570 -9999 -9999 -9999 -9999 
10 -9999  15000 13750  -590 -9999 -9999 -9999 -9999 
#ARM00087585 1957 07 08 12 9999   10 ncdc6310          -345800  -584800
21 -9999 100200    25   160   930 -9999   360    30 
10 -9999 100000    39   160   930 -9999   360    30 
10 -9999  85000  1439   200   350 -9999   320   130 
10 -9999  70000  3075    70   340 -9999   320   160 
10 -9999  50000  5743  -120   350 -9999   280   200 
10 -9999  40000  7412  -240   320 -9999   270   240 
10 -9999  30000  9450  -400 -9999 -9999   260   270 
10 -9999  20000 12000  -560 -9999 -9999   250   350 
10 -9999  15000 13800  -590 -9999 -9999   260   380 
10 -9999  10000 16330  -640 -9999 -9999 -9999 -9999 
#ARM00087585 1957 07 09 00 9999    9 ncdc6310          -345800  -584800
11 -9999 100000    25   210   810 -9999   310    10 
10 -9999  85000  1413   110   880 -9999 -9999 -9999 
10 -9999  70000  3006    60   450 -9999 -9999 -9999 
10 -9999  50000  5665  -160   400 -9999 -9999 -9999 
10 -9999  40000  7312  -250 -9999 -9999 -9999 -9999 
10 -9999  30000  9340  -410 -9999 -9999 -9999 -9999 
10 -9999  20000 11970  -610 -9999 -9999 -9999 -9999 
10 -9999  15000 13740  -630 -9999 -9999 -9999 -9999 
10 -9999  10000 16200  -640 -9999 -9999 -9999 -9999 
#ARM00087585 1957 07 09 12 9999    6 ncdc6310          -345800  -584800
21 -9999 100900    25   130   620 -9999   160    40 
10 -9999 100000   103   120   620 -9999   140    30 
10 -9999  85000  1454    60   510 -9999 -9999 -9999 
10 -9999  70000  3026    20   610 -9999 -9999 -9999 
10 -9999  50000  5671  -140 -9999 -9999 -9999 -9999 
10 -9999  40000  7325  -260 -9999 -9999 -9999 -9999 
#ARM00087585 1957 07 10 00 9999   10 ncdc6310          -345800  -584800
21 -9999 100800    25   140   650 -9999   140    50 
10 -9999 100000    90   130   600 -9999 -9999 -9999 
10 -9999  85000  1446    90   720 -9999 -9999 -9999 
10 -9999  70000  3039    50   320 -9999 -9999 -9999 
10 -9999  50000  5684  -130   320 -9999 -9999 -9999 
10 -9999  40000  7345  -260   320 -9999 -9999 -9999 
10 -9999  30000  9370  -420 -9999 -9999 -9999 -9999 
10 -9999  20000 11990  -630 -9999 -9999 -9999 -9999 
10 -9999  15000 13740  -660 -9999 -9999 -9999 -9999 
10 -9999  10000 16210  -660 -9999 -9999 -9999 -9999 
#ARM00087585 1957 07 10 12 9999    6 ncdc6310          -345800  -584800
21 -9999  99900    25   170   940 -9999   340    50 
10 -9999  85000  1418   140  1000 -9999 -9999 -9999 
10 -9999  70000  3040    40  1000 -9999 -9999 -9999 
10 -9999  50000  5697  -120   430 -9999 -9999 -9999 
10 -9999  40000  7370  -250   430 -9999 -9999 -9999 
10 -9999  30000  9390  -420   450 -9999 -9999 -9999 
#ARM00087585 1957 07 11 00 9999    8 ncdc6310          -345800  -584800
21 -9999 100700    25   130   780 -9999   230    30 
10 -9999 100000   100   130   820 -9999 -9999 -9999 
10 -9999  85000  1443    50   450 -9999 -9999 -9999 
10 -9999  70000  3014   -30   300 -9999 -9999 -9999 
10 -9999  50000  5629  -150   430 -9999 -9999 -9999 
10 -9999  40000  7274  -260 -9999 -9999 -9999 -9999 
10 -9999  30000  9300  -400 -9999 -9999 -9999 -9999 
10 -9999  20000 11930  -620 -9999 -9999 -9999 -9999 
#ARM00087585 1957 07 11 12 9999    6 ncdc6310          -345800  -584800
21 -9999 101400    25    30   760 -9999   220    10 
10 -9999 100000   148    60   590 -9999 -9999 -9999 
10 -9999  85000  1474    40   320 -9999 -9999 -9999 
10 -9999  70000  3030   -20   300 -9999 -9999 -9999 
10 -9999  50000  5617  -210   400 -9999 -9999 -9999 
10 -9999  40000  7238  -300   380 -9999 -9999 -9999 
#ARM00087585 1957 07 12 00 9999    8 ncdc6310          -345800  -584800
21 -9999 101300    25    70   880 -9999   360    10 
10 -9999 100000   137    80   470 -9999 -9999 -9999 
10 -9999  85000  1464    30   420 -9999 -9999 -9999 
10 -9999  70000  3014   -70   520 -9999 -9999 -9999 
10 -9999  50000  5550  -230   420 -9999 -9999 -9999 
10 -9999  40000  7146  -340   400 -9999 -9999 -9999 
10 -9999  30000  9080  -500 -9999 -9999 -9999 -9999 
10 -9999  20000 11650  -630 -9999 -9999 -9999 -9999 
#ARM00087585 1957 07 12 12 9999    5 ncdc6310          -345800  -584800
21 -9999 100900    25    40   970 -9999     0     0 
10 -9999 100000    95    90   680 -9999    10    10 
10 -9999  85000  1440    60   280 -9999   300   110 
10 -9999  70000  2996   -70   580 -9999   290   100 
10 -9999  50000  5555  -150   430 -9999   210   290 
#ARM00087585 1957 07 13 00 9999   10 ncdc6310          -345800  -584800
21 -9999 101100    25    80   640 -9999   230    10 
10 -9999 100000   115    80   560 -9999 -9999 -9999 
10 -9999  85000  1437     0   800 -9999 -9999 -9999 
10 -9999  70000  2962  -100   930 -9999 -9999 -9999 
10 -9999  50000  5476  -270   320 -9999 -9999 -9999 
10 -9999  40000  7053  -360 -9999 -9999 -9999 -9999 
10 -9999  30000  9000  -470 -9999 -9999 -9999 -9999 
10 -9999  20000 11680  -490 -9999 -9999 -9999 -9999 
10 -9999  15000 13550  -540 -9999 -9999 -9999 -9999 
10 -9999  10000 16120  -570 -9999 -9999 -9999 -9999 
#ARM00087585 1957 07 13 12 9999   12 ncdc6310          -345800  -584800
21 -9999 101800    25     0   780 -9999   230    50 
10 -9999 100000   165   -20   730 -9999   240    60 
10 -9999  85000  1469   -30   520 -9999   200   150 
10 -9999  70000  2974   -80   330 -9999   230   190 
10 -9999  50000  5513  -230   330 -9999   260   350 
10 -9999  40000  7108  -350   280 -9999   280   400 
10 -9999  30000  9040  -500 -9999 -9999   280   460 
10 -9999  20000 11620  -580 -9999 -9999   280   390 
10 -9999  15000 13430  -570 -9999 -9999   280   460 
10 -9999  10000 15980  -600 -9999 -9999   280   220 
10 -9999   7000 18200  -600 -9999 -9999 -9999 -9999 
10 -9999   5000 20270  -640 -9999 -9999 -9999 -9999 
#ARM00087585 1957 07 14 00 9999   10 ncdc6310          -345800  -584800
21 -9999 102200    25    20   680 -9999   250    20 
10 -9999 100000   196    30   480 -9999 -9999 -9999 
10 -9999  85000  1477   -40   370 -9999 -9999 -9999 
10 -9999  70000  3001   -60   370 -9999 -9999 -9999 
10 -9999  50000  5545  -260   330 -9999 -9999 -9999 
10 -9999  40000  7122  -370   330 -9999 -9999 -9999 
10 -9999  30000  9040  -530 -9999 -9999 -9999 -9999 
10 -9999  20000 11620  -540 -9999 -9999 -9999 -9999 
10 -9999  15000 13460  -560 -9999 -9999 -9999 -9999 
10 -9999  10000 16010  -580 -9999 -9999 -9999 -9999 
#ARM00087585 1957 07 14 12 9999    7 ncdc6310          -345800  -584800
21 -9999 102200    25   -10   700 -9999     0     0 
10 -9999 100000   203    40   490 -9999 -9999 -9999 
10 -9999  85000  1506   -20   560 -9999 -9999 -9999 
10 -9999  70000  3042   -50   380 -9999 -9999 -9999 
10 -9999  50000  5594  -240   320 -9999 -9999 -9999 
10 -9999  40000  7182  -360 -9999 -9999 -9999 -9999 
10 -9999  30000  9110  -520 -9999 -9999 -9999 -9999 
#ARM00087585 1957 07 15 00 9999    9 ncdc6310          -345800  -584800
21 -9999 102000    25    30   800 -9999   320    10 
10 -9999 100000   186    80   550 -9999 -9999 -9999 
10 -9999  85000  1508    20   520 -9999 -9999 -9999 
10 -9999  70000  3070   -30   320 -9999 -9999 -9999 
10 -9999  50000  5639  -240   420 -9999 -9999 -9999 
10 -9999  40000  7224  -370   430 -9999 -9999 -9999 
10 -9999  30000  9180  -550 -9999 -9999 -9999 -9999 
10 -9999  20000 11760  -540 -9999 -9999 -9999 -9999 
10 -9999  15000 13600  -560 -9999 -9999 -9999 -9999 
#ARM00087585 1957 07 15 12 9999   10 ncdc6310          -345800  -584800
21 -9999 101900    25   -10   920 -9999     0     0 
10 -9999 100000   180    70   740 -9999   270    30 
10 -9999  85000  1499    20   490 -9999   360    20 
10 -9999  70000  3064   -30   430 -9999   320    60 
10 -9999  50000  5635  -220   410 -9999   330   100 
10 -9999  40000  7231  -360 -9999 -9999   310   110 
10 -9999  30000  9170  -500 -9999 -9999   280   150 
10 -9999  20000 11730  -480 -9999 -9999   270   210 
10 -9999  15000 13610  -540 -9999 -9999   270   200 
10 -9999  10000 16130  -620 -9999 -9999 -9999 -9999 
#ARM00087585 1957 07 16 00 9999    9 ncdc6310          -345800  -584800
21 -9999 101700    25    60   790 -9999    90    30 
10 -9999 100000   161    50   800 -9999 -9999 -9999 
10 -9999  85000  1472    10   350 -9999 -9999 -9999 
10 -9999  70000  3021   -40   350 -9999 -9999 -9999 
10 -9999  50000  5571  -240   400 -9999 -9999 -9999 
10 -9999  40000  7159  -360   600 -9999 -9999 -9999 
10 -9999  30000  9080  -520 -9999 -9999 -9999 -9999 
10 -9999  20000 11700  -500 -9999 -9999 -9999 -9999 
10 -9999  15000 13560  -540 -9999 -9999 -9999 -9999 
#ARM00087585 1957 07 16 12 9999   12 ncdc6310          -345800  -584800
21 -9999 101400    25    40   930 -9999   110    10 
10 -9999 100000   138    70   800 -9999   100    10 
10 -9999  85000  1461   -10   700 -9999    40    60 
10 -9999  70000  3005   -50   280 -9999   330    30 
10 -9999  50000  5551  -260   340 -9999   360   100 
10 -9999  40000  7122  -380   350 -9999   310   170 
10 -9999  30000  9040  -520 -9999 -9999   300   140 
10 -9999  20000 11680  -490 -9999 -9999   290   230 
10 -9999  15000 13560  -510 -9999 -9999   280   260 
10 -9999  10000 16220  -550 -9999 -9999 -9999 -9999 
10 -9999   7000 18490  -590 -9999 -9999 -9999 -9999 
10 -9999   5000 20570  -640 -9999 -9999 -9999 -9999 
#ARM00087585 1957 07 17 00 9999    9 ncdc6310          -345800  -584800
21 -9999 101300    25    80   830 -9999   180    10 
10 -9999 100000   134    80   730 -9999 -9999 -9999 
10 -9999  85000  1426   -20   820 -9999 -9999 -9999 
10 -9999  70000  3000   -70   330 -9999 -9999 -9999 
10 -9999  50000  5525  -290   330 -9999 -9999 -9999 
10 -9999  40000  7076  -430   330 -9999 -9999 -9999 
10 -9999  30000  8950  -580 -9999 -9999 -9999 -9999 
10 -9999  20000 11510  -530 -9999 -9999 -9999 -9999 
10 -9999  15000 13360  -580 -9999 -9999 -9999 -9999 
#ARM00087585 1957 07 17 12 9999   10 ncdc6310          -345800  -584800
21 -9999 101700    25    20   940 -9999   180    10 
10 -9999 100000   164    30   780 -9999   190   120 
10 -9999  85000  1474     0   400 -9999   190    70 
10 -9999  70000  3009   -80   470 -9999   210   130 
10 -9999  50000  5517  -300   620 -9999   290    60 
10 -9999  40000  7073  -410 -9999 -9999   270   190 
10 -9999  30000  8980  -520 -9999 -9999   260   170 
10 -9999  20000 11570  -580 -9999 -9999   280   170 
10 -9999  15000 13390  -580 -9999 -9999   270   190 
10 -9999  10000 15950  -590 -9999 -9999   250   150 
#ARM00087585 1957 07 18 00 9999   10 ncdc6310          -345800  -584800
21 -9999 102400    25    80   890 -9999   160    50 
10 -9999 100000   120    50   780 -9999 -9999 -9999 
10 -9999  85000  1430    20   900 -9999 -9999 -9999 
10 -9999  70000  2959  -110   520 -9999 -9999 -9999 
10 -9999  50000  5450  -310 -9999 -9999 -9999 -9999 
10 -9999  40000  7006  -420 -9999 -9999 -9999 -9999 
10 -9999  30000  8920  -510 -9999 -9999 -9999 -9999 
10 -9999  20000 11550  -520 -9999 -9999 -9999 -9999 
10 -9999  15000 13390  -510 -9999 -9999 -9999 -9999 
10 -9999  10000 16010  -590 -9999 -9999 -9999 -9999 
#ARM00087585 1957 07 18 12 9999   11 ncdc6310          -345800  -584800
21 -9999 102800    25    10   890 -9999   250    40 
10 -9999 100000   245    50   820 -9999   190   140 
10 -9999  85000  1534   -60  1000 -9999   170   150 
10 -9999  70000  3069   -80   400 -9999 -9999 -9999 
10 -9999  50000  5589  -280   400 -9999 -9999 -9999 
10 -9999  40000  7147  -380 -9999 -9999 -9999 -9999 
10 -9999  30000  9100  -460 -9999 -9999 -9999 -9999 
10 -9999  20000 11790  -490 -9999 -9999 -9999 -9999 
10 -9999  15000 13720  -560 -9999 -9999 -9999 -9999 
10 -9999  10000 16320  -570 -9999 -9999 -9999 -9999 
10 -9999   7000 18590  -560 -9999 -9999 -9999 -9999 
#ARM00087585 1957 07 19 00 9999    9 ncdc6310          -345800  -584800
21 -9999 102800    25    60   700 -9999   270    20 
10 -9999 100000   251    40   870 -9999 -9999 -9999 
10 -9999  85000  1550   -60   980 -9999 -9999 -9999 
10 -9999  70000  3084   -80   310 -9999 -9999 -9999 
10 -9999  50000  5627  -230   320 -9999 -9999 -9999 
10 -9999  40000  7219  -360   340 -9999 -9999 -9999 
10 -9999  30000  9160  -470 -9999 -9999 -9999 -9999 
10 -9999  20000 11810  -520 -9999 -9999 -9999 -9999 
10 -9999  15000 13660  -540 -9999 -9999 -9999 -9999 
#ARM00087585 1957 07 19 12 9999    5 ncdc6310          -345800  -584800
21 -9999 102800    25    30   960 -9999   190    20 
10 -9999 100000   247    30   890 -9999   190    30 
10 -9999  85000  1544   -60   980 -9999 -9999 -9999 
10 -9999  70000  3074   -60   530 -9999 -9999 -9999 
10 -9999  50000  5648  -190   420 -9999 -9999 -9999 
#ARM00087585 1957 07 20 00 9999   11 ncdc6310          -345800  -584800
21 -9999 102600    25    70   810 -9999   240    10 
10 -9999 100000   236     0   840 -9999 -9999 -9999 
10 -9999  85000  1540   -30   890 -9999 -9999 -9999 
10 -9999  70000  3092   -30   890 -9999 -9999 -9999 
10 -9999  50000  5695  -170   430 -9999 -9999 -9999 
10 -9999  40000  7333  -290   400 -9999 -9999 -9999 
10 -9999  30000  9330  -430   420 -9999 -9999 -9999 
10 -9999  20000 11940  -630 -9999 -9999 -9999 -9999 
10 -9999  15000 13800  -630 -9999 -9999 -9999 -9999 
10 -9999  10000 16300  -610 -9999 -9999 -9999 -9999 
10 -9999   7000 18520  -610 -9999 -9999 -9999 -9999 
#ARM00087585 1957 07 20 12 9999   10 ncdc6310          -345800  -584800
21 -9999 102300    25   -10   920 -9999   270    10 
10 -9999 100000   206    20   700 -9999   270    50 
10 -9999  85000  1516    50   360 -9999   240    50 
10 -9999  70000  3085   -20   350 -9999   180    60 
10 -9999  50000  5677  -180   380 -9999   200   250 
10 -9999  40000  7299  -320   370 -9999   190   310 
10 -9999  30000  9240  -520 -9999 -9999   190   310 
10 -9999  20000 11770  -620 -9999 -9999   240   370 
10 -9999  15000 13550  -630 -9999 -9999   260   230 
10 -9999  10000 16070  -590 -9999 -9999   250   290 
#ARM00087585 1957 07 21 00 9999    9 ncdc6310          -345800  -584800
21 -9999 102100    25    60   820 -9999   270    10 
10 -9999 100000   195    70   690 -9999 -9999 -9999 
10 -9999  85000  1523    30   380 -9999 -9999 -9999 
10 -9999  70000  3083   -30   380 -9999 -9999 -9999 
10 -9999  50000  5678   -70   420 -9999 -9999 -9999 
10 -9999  40000  7302  -290   630 -9999 -9999 -9999 
10 -9999  30000  9390  -460 -9999 -9999 -9999 -9999 
10 -9999  20000 11850  -640 -9999 -9999 -9999 -9999 
10 -9999  15000 13610  -640 -9999 -9999 -9999 -9999 
#ARM00087585 1957 07 21 12 9999   11 ncdc6310          -345800  -584800
21 -9999 102600    25    30   830 -9999   160    30 
10 -9999 100000   234    30   820 -9999   160    80 
10 -9999  85000  1526    60   380 -9999   190    60 
10 -9999  70000  3113   -30   360 -9999   180    90 
10 -9999  50000  5677  -200   480 -9999   220   200 
10 -9999  40000  7286  -330   450 -9999   230   320 
10 -9999  30000  9250  -480 -9999 -9999   230   500 
10 -9999  20000 11830  -590 -9999 -9999 -9999 -9999 
10 -9999  15000 13650  -560 -9999 -9999 -9999 -9999 
10 -9999  10000 16220  -560 -9999 -9999 -9999 -9999 
10 -9999   7000 18480  -560 -9999 -9999 -9999 -9999 
#ARM00087585 1957 07 22 00 9999   10 ncdc6310          -345800  -584800
21 -9999 102700    25    70   820 -9999    90    10 
10 -9999 100000   232    50   850 -9999 -9999 -9999 
10 -9999  85000  1547    50   520 -9999 -9999 -9999 
10 -9999  70000  3109   -30   500 -9999 -9999 -9999 
10 -9999  50000  5697  -200   520 -9999 -9999 -9999 
10 -9999  40000  7319  -300   500 -9999 -9999 -9999 
10 -9999  30000  9320  -440 -9999 -9999 -9999 -9999 
10 -9999  20000 11930  -560 -9999 -9999 -9999 -9999 
10 -9999  15000 13750  -580 -9999 -9999 -9999 -9999 
10 -9999  10000 16290  -610 -9999 -9999 -9999 -9999 
#ARM00087585 1957 07 22 12 9999   12 ncdc6310          -345800  -584800
21 -9999 102600    25    60   850 -9999    90    30 
10 -9999 100000   232    40   880 -9999    30    80 
10 -9999  85000  1553    50   320 -9999    10    60 
10 -9999  70000  3115   -30   270 -9999   360    60 
10 -9999  50000  5719  -170   240 -9999   230    80 
10 -9999  40000  7356  -290   260 -9999   220   150 
10 -9999  30000  9340  -460 -9999 -9999   240   220 
10 -9999  20000 11930  -590 -9999 -9999 -9999 -9999 
10 -9999  15000 13730  -600 -9999 -9999 -9999 -9999 
10 -9999  10000 16250  -610 -9999 -9999 -9999 -9999 
10 -9999   7000 18470  -610 -9999 -9999 -9999 -9999 
10 -9999   5000 20560  -620 -9999 -9999 -9999 -9999 
#ARM00087585 1957 07 23 00 9999   11 ncdc6310          -345800  -584800
21 -9999 102100    25   100   740 -9999    20    20 
10 -9999 100000   187    90   740 -9999 -9999 -9999 
10 -9999  85000  1528    80   490 -9999 -9999 -9999 
10 -9999  70000  3112     0   340 -9999 -9999 -9999 
10 -9999  50000  5737  -170 -9999 -9999 -9999 -9999 
10 -9999  40000  7385  -340 -9999 -9999 -9999 -9999 
10 -9999  30000  9390  -430 -9999 -9999 -9999 -9999 
10 -9999  20000 12010  -560 -9999 -9999 -9999 -9999 
10 -9999  15000 13860  -540 -9999 -9999 -9999 -9999 
10 -9999  10000 16400  -630 -9999 -9999 -9999 -9999 
10 -9999   7000 18590  -640 -9999 -9999 -9999 -9999 
#ARM00087585 1957 07 23 12 9999   10 ncdc6310          -345800  -584800
21 -9999 101900    25    80   840 -9999    50    30 
10 -9999 100000   180    70   900 -9999    30    40 
10 -9999  85000  1520    70   250 -9999   350    60 
10 -9999  70000  3094   -20   270 -9999   340   120 
10 -9999  50000  5690  -180   260 -9999   340   190 
10 -9999  40000  7315  -310   300 -9999   310   170 
10 -9999  30000  9290  -470 -9999 -9999   280   280 
10 -9999  20000 11950  -550 -9999 -9999   280   250 
10 -9999  15000 13800  -540 -9999 -9999   280   180 
10 -9999  10000 16370  -610 -9999 -9999   280   160 
#ARM00087585 1957 07 24 00 9999   10 ncdc6310          -345800  -584800
21 -9999 101700    25   100   920 -9999    90    30 
10 -9999 100000   164   100   850 -9999 -9999 -9999 
10 -9999  85000  1508    70   450 -9999 -9999 -9999 
10 -9999  70000  3081   -10   430 -9999 -9999 -9999 
10 -9999  50000  5680  -200   520 -9999 -9999 -9999 
10 -9999  40000  7295  -320   600 -9999 -9999 -9999 
10 -9999  30000  9260  -480 -9999 -9999 -9999 -9999 
10 -9999  20000 11880  -510 -9999 -9999 -9999 -9999 
10 -9999  15000 13740  -520 -9999 -9999 -9999 -9999 
10 -9999  10000 16330  -580 -9999 -9999 -9999 -9999 
#ARM00087585 1957 07 24 12 9999   11 ncdc6310          -345800  -584800
21 -9999 101500    25    70   980 -9999     0     0 
10 -9999 100000   151    90   830 -9999   340    40 
10 -9999  85000  1493    70   570 -9999   310    60 
10 -9999  70000  3066   -10   630 -9999   290    20 
10 -9999  50000  5664  -190   510 -9999   320    40 
10 -9999  40000  7284  -320   500 -9999   300    40 
10 -9999  30000  9260  -450 -9999 -9999 -9999 -9999 
10 -9999  20000 11880  -560 -9999 -9999   210   160 
10 -9999  15000 13720  -540 -9999 -9999   220   150 
10 -9999  10000 16280  -590 -9999 -9999   260   140 
10 -9999   7000 18520  -590 -9999 -9999   290    50 
#ARM00087585 1957 07 25 00 9999   10 ncdc6310          -345800  -584800
21 -9999 101500    25    80   860 -9999     0     0 
10 -9999 100000   148    80   800 -9999 -9999 -9999 
10 -9999  85000  1484    50   420 -9999 -9999 -9999 
10 -9999  70000  3051   -30   320 -9999 -9999 -9999 
10 -9999  50000  5646  -180   270 -9999 -9999 -9999 
10 -9999  40000  7272  -310   280 -9999 -9999 -9999 
10 -9999  30000  9250  -460 -9999 -9999 -9999 -9999 
10 -9999  20000 11830  -640 -9999 -9999 -9999 -9999 
10 -9999  15000 13610  -620 -9999 -9999 -9999 -9999 
10 -9999  10000 16120  -620 -9999 -9999 -9999 -9999 
#ARM00087585 1957 07 25 12 9999    7 ncdc6310          -345800  -584800
21 -9999 101500    25    80   970 -9999     0     0 
10 -9999 100000   145   110   600 -9999   360    60 
10 -9999  85000  1497    90   470 -9999   360    60 
10 -9999  70000  3091    10   420 -9999   330    30 
10 -9999  50000  5715  -160   580 -9999   200    80 
10 -9999  40000  7376  -250   460 -9999   210   140 
10 -9999  30000  9390  -410   420 -9999   210   200 
#ARM00087585 1957 07 26 00 9999    9 ncdc6310          -345800  -584800
21 -9999 101200    25   140   720 -9999    50    20 
10 -9999 100000   123   160   480 -9999 -9999 -9999 
10 -9999  85000  1490   120   190 -9999 -9999 -9999 
10 -9999  70000  3100    50   420 -9999 -9999 -9999 
10 -9999  50000  5773  -120   300 -9999 -9999 -9999 
10 -9999  40000  7431  -270   370 -9999 -9999 -9999 
10 -9999  30000  9440  -440 -9999 -9999 -9999 -9999 
10 -9999  20000 12070  -590 -9999 -9999 -9999 -9999 
10 -9999  15000 13860  -610 -9999 -9999 -9999 -9999 
#ARM00087585 1957 07 26 12 9999    7 ncdc6310          -345800  -584800
21 -9999 101400    25   110   800 -9999    20    50 
10 -9999 100000   139    90   780 -9999    20    80 
10 -9999  85000  1489   100   240 -9999   360    90 
10 -9999  70000  3100    20   230 -9999    20    90 
10 -9999  50000  5740  -140   220 -9999   330    60 
10 -9999  40000  7389  -270 -9999 -9999   340   170 
10 -9999  30000  9400  -430 -9999 -9999   340   190 
#ARM00087585 1957 07 27 00 9999    9 ncdc6310          -345800  -584800
21 -9999 101100    25   160   860 -9999    50    20 
10 -9999 100000   123   140   880 -9999 -9999 -9999 
10 -9999  85000  1490   130   410 -9999 -9999 -9999 
10 -9999  70000  3094     0   470 -9999 -9999 -9999 
10 -9999  50000  5752  -140   370 -9999 -9999 -9999 
10 -9999  40000  7398  -300   370 -9999 -9999 -9999 
10 -9999  30000  9410  -430 -9999 -9999 -9999 -9999 
10 -9999  20000 12030  -400 -9999 -9999 -9999 -9999 
10 -9999  15000 13800  -620 -9999 -9999 -9999 -9999 
#ARM00087585 1957 07 27 12 9999    9 ncdc6310          -345800  -584800
21 -9999 100600    25   140   930 -9999    50    40 
10 -9999 100000    76   140   950 -9999    50    40 
10 -9999  85000  1454   110  1000 -9999 -9999 -9999 
10 -9999  70000  3058    20   880 -9999 -9999 -9999 
10 -9999  50000  5715  -140   570 -9999 -9999 -9999 
10 -9999  40000  7361  -280   570 -9999 -9999 -9999 
10 -9999  30000  9280  -420 -9999 -9999 -9999 -9999 
10 -9999  20000 11930  -590 -9999 -9999 -9999 -9999 
10 -9999  15000 13710  -640 -9999 -9999 -9999 -9999 
#ARM00087585 1957 07 28 12 9999   10 ncdc6310          -345800  -584800
21 -9999 100500    25    90   970 -9999   250    30 
10 -9999 100000    63    80   980 -9999 -9999 -9999 
10 -9999  85000  1429   140   200 -9999 -9999 -9999 
10 -9999  70000  3026    20   410 -9999 -9999 -9999 
10 -9999  50000  5659  -160   380 -9999 -9999 -9999 
10 -9999  40000  7294  -300 -9999 -9999 -9999 -9999 
10 -9999  30000  9270  -470 -9999 -9999 -9999 -9999 
10 -9999  20000 11820  -560 -9999 -9999 -9999 -9999 
10 -9999  15000 13660  -550 -9999 -9999 -9999 -9999 
10 -9999  10000 16210  -610 -9999 -9999 -9999 -9999 
#ARM00087585 1957 07 29 00 9999    9 ncdc6310          -345800  -584800
21 -9999 100600    25    70   820 -9999   180    30 
10 -9999 100000    79    70   870 -9999 -9999 -9999 
10 -9999  85000  1422    80   320 -9999 -9999 -9999 
10 -9999  70000  2997   -10   300 -9999 -9999 -9999 
10 -9999  50000  5580  -200   700 -9999 -9999 -9999 
10 -9999  40000  7195  -220   760 -9999 -9999 -9999 
10 -9999  30000  9180  -330 -9999 -9999 -9999 -9999 
10 -9999  20000 11840  -530 -9999 -9999 -9999 -9999 
10 -9999  15000 13690  -540 -9999 -9999 -9999 -9999 
#ARM00087585 1957 07 29 12 9999    6 ncdc6310          -345800  -584800
21 -9999 101000    25    30   920 -9999   270    10 
10 -9999 100000   106    20   960 -9999 -9999 -9999 
10 -9999  85000  1426    40   710 -9999 -9999 -9999 
10 -9999  70000  2980   -70   670 -9999 -9999 -9999 
10 -9999  50000  5497  -260   780 -9999 -9999 -9999 
10 -9999  40000  7076  -370 -9999 -9999 -9999 -9999 
#ARM00087585 1957 07 30 00 9999    7 ncdc6310          -345800  -584800
21 -9999 101200    25    60   940 -9999   250    40 
10 -9999 100000   120    60   890 -9999 -9999 -9999 
10 -9999  85000  1442    30   660 -9999 -9999 -9999 
10 -9999  70000  3005   -80   690 -9999 -9999 -9999 
10 -9999  50000  5540  -230   580 -9999 -9999 -9999 
10 -9999  40000  7129  -360   570 -9999 -9999 -9999 
10 -9999  30000  9060  -490 -9999 -9999 -9999 -9999 
#ARM00087585 1957 07 30 12 9999    5 ncdc6310          -345800  -584800
10 -9999 100000   131    10   850 -9999   290    60 
10 -9999  85000  1444    10   400 -9999   300   190 
10 -9999  70000  2972  -110   310 -9999   290   240 
10 -9999  50000  5440  -320 -9999 -9999   300   350 
10 -9999  40000  6976  -450 -9999 -9999   310   400 
#ARM00087585 1957 07 31 00 9999    7 ncdc6310          -345800  -584800
21 -9999 101400    25    70   770 -9999   270    30 
10 -9999 100000   138    60   800 -9999 -9999 -9999 
10 -9999  85000  1446   -30   820 -9999 -9999 -9999 
10 -9999  70000  2965  -100   480 -9999 -9999 -9999 
10 -9999  50000  5456  -310   490 -9999 -9999 -9999 
10 -9999  40000  7004  -390   550 -9999 -9999 -9999 
10 -9999  30000  8930  -480 -9999 -9999 -9999 -9999 
#ARM00087585 1957 07 31 12 9999    9 ncdc6310          -345800  -584800
21 -9999 102000    25    20   930 -9999   270    20 
10 -9999 100000   181    10   960 -9999   230    60 
10 -9999  85000  1487   -30   820 -9999   230   110 
10 -9999  70000  3008  -100   400 -9999   260   130 
10 -9999  50000  5519  -280   380 -9999   270   120 
10 -9999  40000  7077  -410   370 -9999 -9999 -9999 
10 -9999  30000  9000  -460 -9999 -9999 -9999 -9999 
10 -9999  20000 11650  -540 -9999 -9999 -9999 -9999 
10 -9999  15000 13470  -570 -9999 -9999 -9999 -9999 
#ARM00087585 1957 08 01 00 9999    9 ncdc6310          -345800  -584800
21 -9999 102400    25    70   790 -9999   270    10 
10 -9999 100000   219    60   780 -9999 -9999 -9999 
10 -9999  85000  1520     0   820 -9999 -9999 -9999 
10 -9999  70000  3089   -80   620 -9999 -9999 -9999 
10 -9999  50000  5621  -260   520 -9999 -9999 -9999 
10 -9999  40000  7191  -400   520 -9999 -9999 -9999 
10 -9999  30000  9110  -490 -9999 -9999 -9999 -9999 
10 -9999  20000 11740  -550 -9999 -9999 -9999 -9999 
10 -9999  15000 13560  -610 -9999 -9999 -9999 -9999 
#ARM00087585 1957 08 01 12 9999    9 ncdc6310          -345800  -584800
21 -9999 102800    25     0   980 -9999   270    10 
10 -9999 100000   256    10   850 -9999   170    40 
10 -9999  85000  1555   -20   430 -9999   200    40 
10 -9999  70000  3080   -70   400 -9999   200    50 
10 -9999  50000  5590  -270   390 -9999   270   120 
10 -9999  40000  7156  -400   390 -9999   310   230 
10 -9999  30000  9060  -520 -9999 -9999 -9999 -9999 
10 -9999  20000 11690  -510 -9999 -9999 -9999 -9999 
10 -9999  15000 13540  -560 -9999 -9999 -9999 -9999 
#ARM00087585 1957 08 02 00 9999   10 ncdc6310          -345800  -584800
21 -9999 103000    25    60   750 -9999   180    10 
10 -9999 100000   268    30   700 -9999 -9999 -9999 
10 -9999  85000  1562   -20   500 -9999 -9999 -9999 
10 -9999  70000  3077  -120   430 -9999 -9999 -9999 
10 -9999  50000  5561  -300   430 -9999 -9999 -9999 
10 -9999  40000  7124  -490   400 -9999 -9999 -9999 
10 -9999  30000  9040  -520 -9999 -9999 -9999 -9999 
10 -9999  20000 11620  -550 -9999 -9999 -9999 -9999 
10 -9999  15000 13450  -590 -9999 -9999 -9999 -9999 
10 -9999  10000 15970  -630 -9999 -9999 -9999 -9999 
#ARM00087585 1957 08 02 12 9999    9 ncdc6310          -345800  -584800
21 -9999 102800    25   -10   960 -9999     0     0 
10 -9999 100000   252    30   730 -9999   360    10 
10 -9999  85000  1562     0   460 -9999   230    60 
10 -9999  70000  3096   -60   480 -9999   220   110 
10 -9999  50000  5661  -220   430 -9999   200   180 
10 -9999  40000  7253  -350   380 -9999   220   250 
10 -9999  30000  9200  -460 -9999 -9999 -9999 -9999 
10 -9999  20000 11810  -590 -9999 -9999   230   280 
10 -9999  15000 13630  -570 -9999 -9999   250   230 
#ARM00087585 1957 08 04 00 9999   10 ncdc6310          -345800  -584800
21 -9999 101700    25   110   630 -9999 -9999 -9999 
10 -9999 100000   165   100   510 -9999 -9999 -9999 
10 -9999  85000  1505    50   330 -9999 -9999 -9999 
10 -9999  70000  3081   -40   300 -9999 -9999 -9999 
10 -9999  50000  5650  -230   350 -9999 -9999 -9999 
10 -9999  40000  7239  -360   400 -9999 -9999 -9999 
10 -9999  30000  9160  -540 -9999 -9999 -9999 -9999 
10 -9999  20000 11720  -550 -9999 -9999 -9999 -9999 
10 -9999  15000 13580  -540 -9999 -9999 -9999 -9999 
10 -9999  10000 16130  -610 -9999 -9999 -9999 -9999 
#ARM00087585 1957 08 04 12 9999   10 ncdc6310          -345800  -584800
21 -9999 101400    25    60   810 -9999   360    30 
10 -9999 100000   139   100   400 -9999   350    70 
10 -9999  85000  1477    50   480 -9999   360    60 
10 -9999  70000  3056   -10   430 -9999   280   110 
10 -9999  50000  5662  -180   580 -9999   290   130 
10 -9999  40000  7289  -310   610 -9999   280   190 
10 -9999  30000  9260  -480 -9999 -9999   270   280 
10 -9999  20000 11840  -610 -9999 -9999   270   300 
10 -9999  15000 13650  -570 -9999 -9999   290   310 
10 -9999  10000 16220  -590 -9999 -9999   300   290 
#ARM00087585 1957 08 05 00 9999   11 ncdc6310          -345800  -584800
21 -9999 101300    25   110   730 -9999 -9999 -9999 
10 -9999 100000   134   140   610 -9999 -9999 -9999 
10 -9999  85000  1494    70   420 -9999 -9999 -9999 
10 -9999  70000  3066   -30   480 -9999 -9999 -9999 
10 -9999  50000  5639  -220 -9999 -9999 -9999 -9999 
10 -9999  40000  7231  -370 -9999 -9999 -9999 -9999 
10 -9999  30000  9140  -560 -9999 -9999 -9999 -9999 
10 -9999  20000 11610  -680 -9999 -9999 -9999 -9999 
10 -9999  15000 13350  -670 -9999 -9999 -9999 -9999 
10 -9999  10000 15790  -680 -9999 -9999 -9999 -9999 
10 -9999   7000 17950  -660 -9999 -9999 -9999 -9999 
#ARM00087585 1957 08 06 00 9999    9 ncdc6310          -345800  -584800
21 -9999 101300    25   150   600 -9999 -9999 -9999 
10 -9999 100000   129   150   500 -9999 -9999 -9999 
10 -9999  85000  1494   140   320 -9999 -9999 -9999 
10 -9999  70000  3102    40   360 -9999 -9999 -9999 
10 -9999  50000  5734  -180   370 -9999 -9999 -9999 
10 -9999  40000  7356  -320 -9999 -9999 -9999 -9999 
10 -9999  30000  9320  -470 -9999 -9999 -9999 -9999 
10 -9999  20000 11870  -680 -9999 -9999 -9999 -9999 
10 -9999  15000 13630  -650 -9999 -9999 -9999 -9999 
#ARM00087585 1957 08 06 12 9999    9 ncdc6310          -345800  -584800
21 -9999 101000    25   110   850 -9999 -9999 -9999 
10 -9999 100000   108   170   650 -9999    10    50 
10 -9999  85000  1490   130   500 -9999   330    60 
10 -9999  70000  3114    40   610 -9999   340    60 
10 -9999  50000  5752  -150   380 -9999   290    70 
10 -9999  40000  7397  -280 -9999 -9999   300    80 
10 -9999  30000  9400  -440 -9999 -9999   310   100 
10 -9999  20000 12000  -600 -9999 -9999   270   120 
10 -9999  15000 13790  -630 -9999 -9999   280   240 
#ARM00087585 1957 08 07 00 9999   12 ncdc6310          -345800  -584800
21 -9999 100400    25   190   750 -9999 -9999 -9999 
10 -9999 100000    60   190   730 -9999 -9999 -9999 
10 -9999  85000  1465   170   610 -9999 -9999 -9999 
10 -9999  70000  3086    20   990 -9999 -9999 -9999 
10 -9999  50000  5739  -130   410 -9999 -9999 -9999 
10 -9999  40000  7459  -190   400 -9999 -9999 -9999 
10 -9999  30000  9520  -390 -9999 -9999 -9999 -9999 
10 -9999  20000 12150  -610 -9999 -9999 -9999 -9999 
10 -9999  15000 13940  -620 -9999 -9999 -9999 -9999 
10 -9999  10000 16480  -630 -9999 -9999 -9999 -9999 
10 -9999   7000 18670  -640 -9999 -9999 -9999 -9999 
10 -9999   5000 20640  -630 -9999 -9999 -9999 -9999 
#ARM00087585 1957 08 07 12 9999   11 ncdc6310          -345800  -584800
21 -9999 100800    25   110   710 -9999   200    90 
10 -9999 100000    89   100   730 -9999   200    70 
10 -9999  85000  1458   130   410 -9999   170    80 
10 -9999  70000  3052     0   910 -9999 -9999 -9999 
10 -9999  50000  5685  -160   320 -9999 -9999 -9999 
10 -9999  40000  7327  -290   320 -9999 -9999 -9999 
10 -9999  30000  9320  -450 -9999 -9999 -9999 -9999 
10 -9999  20000 11900  -590 -9999 -9999 -9999 -9999 
10 -9999  15000 13720  -580 -9999 -9999 -9999 -9999 
10 -9999  10000 16260  -610 -9999 -9999 -9999 -9999 
10 -9999   7000 18460  -630 -9999 -9999 -9999 -9999 
#ARM00087585 1957 08 09 00 9999   10 ncdc6310          -345800  -584800
21 -9999 101200    25    90   580 -9999   230    20 
10 -9999 100000   121    90   570 -9999 -9999 -9999 
10 -9999  85000  1441   -10   530 -9999 -9999 -9999 
10 -9999  70000  2966  -110   350 -9999 -9999 -9999 
10 -9999  50000  5469  -250   300 -9999 -9999 -9999 
10 -9999  40000  7071  -320   250 -9999 -9999 -9999 
10 -9999  30000  9040  -480 -9999 -9999 -9999 -9999 
10 -9999  20000 11670  -510 -9999 -9999 -9999 -9999 
10 -9999  15000 13540  -520 -9999 -9999 -9999 -9999 
10 -9999  10000 16150  -550 -9999 -9999 -9999 -9999 
#ARM00087585 1957 08 09 12 9999    5 ncdc6310          -345800  -584800
21 -9999 101600    25    20   790 -9999   270    10 
10 -9999 100000   157    20   710 -9999   220    70 
10 -9999  85000  1456   -50   640 -9999   220   190 
10 -9999  70000  2961  -130   560 -9999   220   330 
10 -9999  50000  5490  -240   480 -9999   240   390 
#ARM00087585 1957 08 10 00 9999    9 ncdc6310          -345800  -584800
21 -9999 101500    25    70   690 -9999   270    20 
10 -9999 100000   147    80   580 -9999 -9999 -9999 
10 -9999  85000  1473     0   400 -9999 -9999 -9999 
10 -9999  70000  3017   -60   420 -9999 -9999 -9999 
10 -9999  50000  5578  -220   880 -9999 -9999 -9999 
10 -9999  40000  7173  -360   760 -9999 -9999 -9999 
10 -9999  30000  9120  -470 -9999 -9999 -9999 -9999 
10 -9999  20000 11750  -520 -9999 -9999 -9999 -9999 
10 -9999  15000 13610  -530 -9999 -9999 -9999 -9999 
#ARM00087585 1957 08 10 12 9999    8 ncdc6310          -345800  -584800
21 -9999 101100    25    50   620 -9999   320    50 
10 -9999 100000   113    60   580 -9999   320   120 
10 -9999  85000  1450    50   700 -9999   260   160 
10 -9999  70000  3001   -50   560 -9999   250   230 
10 -9999  50000  5576  -200   700 -9999 -9999 -9999 
10 -9999  40000  7191  -320   620 -9999 -9999 -9999 
10 -9999  30000  9150  -520 -9999 -9999 -9999 -9999 
10 -9999  20000 11710  -580 -9999 -9999 -9999 -9999 
#ARM00087585 1957 08 11 00 9999    9 ncdc6310          -345800  -584800
21 -9999 101000    25   100   740 -9999   320    30 
10 -9999 100000   107   100   670 -9999 -9999 -9999 
10 -9999  85000  1411    40   460 -9999 -9999 -9999 
10 -9999  70000  2967   -40   650 -9999 -9999 -9999 
10 -9999  50000  5526  -230  1000 -9999 -9999 -9999 
10 -9999  40000  7121  -360   920 -9999 -9999 -9999 
10 -9999  30000  9040  -540 -9999 -9999 -9999 -9999 
10 -9999  20000 11600  -580 -9999 -9999 -9999 -9999 
10 -9999  15000 13420  -560 -9999 -9999 -9999 -9999 
#ARM00087585 1957 08 11 12 9999   11 ncdc6310          -345800  -584800
21 -9999 101100    25    60   880 -9999   290    10 
10 -9999 100000   119    80   740 -9999   290    30 
10 -9999  85000  1444    10   680 -9999   270   100 
10 -9999  70000  2984   -80   900 -9999   260   200 
10 -9999  50000  5529  -220   930 -9999 -9999 -9999 
10 -9999  40000  7128  -350   900 -9999 -9999 -9999 
10 -9999  30000  9060  -510 -9999 -9999 -9999 -9999 
10 -9999  20000 11610  -610 -9999 -9999 -9999 -9999 
10 -9999  15000 13410  -580 -9999 -9999 -9999 -9999 
10 -9999  10000 15950  -600 -9999 -9999 -9999 -9999 
10 -9999   7000 18180  -600 -9999 -9999 -9999 -9999 
#ARM00087585 1957 08 12 00 9999   12 ncdc6310          -345800  -584800
21 -9999 100800    25   130   550 -9999   360    20 
10 -9999 100000    90   120   550 -9999 -9999 -9999 
10 -9999  85000  1444    50   900 -9999 -9999 -9999 
10 -9999  70000  3013   -10   650 -9999 -9999 -9999 
10 -9999  50000  5614  -190  1000 -9999 -9999 -9999 
10 -9999  40000  7242  -300 -9999 -9999 -9999 -9999 
10 -9999  30000  9240  -440 -9999 -9999 -9999 -9999 
10 -9999  20000 11850  -620 -9999 -9999 -9999 -9999 
10 -9999  15000 13650  -560 -9999 -9999 -9999 -9999 
10 -9999  10000 16230  -570 -9999 -9999 -9999 -9999 
10 -9999   7000 18470  -580 -9999 -9999 -9999 -9999 
10 -9999   5000 20600  -570 -9999 -9999 -9999 -9999 
#ARM00087585 1957 08 12 12 9999   10 ncdc6310          -345800  -584800
21 -9999 100900    25    80   810 -9999   360    20 
10 -9999 100000    91    80   780 -9999 -9999 -9999 
10 -9999  85000  1429    50   710 -9999 -9999 -9999 
10 -9999  70000  2988   -50   830 -9999 -9999 -9999 
10 -9999  50000  5564  -200   980 -9999 -9999 -9999 
10 -9999  40000  7184  -310   980 -9999 -9999 -9999 
10 -9999  30000  9160  -450 -9999 -9999 -9999 -9999 
10 -9999  20000 11780  -590 -9999 -9999 -9999 -9999 
10 -9999  15000 13590  -580 -9999 -9999 -9999 -9999 
10 -9999  10000 16140  -580 -9999 -9999 -9999 -9999 
#ARM00087585 1957 08 13 00 9999   10 ncdc6310          -345800  -584800
21 -9999 100900    25   120   660 -9999   180    50 
10 -9999 100000   101   110   630 -9999 -9999 -9999 
10 -9999  85000  1448    40   680 -9999 -9999 -9999 
10 -9999  70000  3001   -50  1000 -9999 -9999 -9999 
10 -9999  50000  5568  -220   600 -9999 -9999 -9999 
10 -9999  40000  7165  -350   570 -9999 -9999 -9999 
10 -9999  30000  9120  -480 -9999 -9999 -9999 -9999 
10 -9999  20000 11730  -510 -9999 -9999 -9999 -9999 
10 -9999  15000 13590  -540 -9999 -9999 -9999 -9999 
10 -9999  10000 16160  -590 -9999 -9999 -9999 -9999 
#ARM00087585 1957 08 13 12 9999    6 ncdc6310          -345800  -584800
21 -9999 101200    25    70   830 -9999   200    20 
10 -9999 100000   124    60   920 -9999   200    60 
10 -9999  85000  1455   -10   920 -9999   220   100 
10 -9999  70000  2987   -90   600 -9999   230   130 
10 -9999  50000  5510  -260   640 -9999   260   290 
10 -9999  40000  7092  -360   510 -9999   280   300 
#ARM00087585 1957 08 14 00 9999   11 ncdc6310          -345800  -584800
21 -9999 101600    25    80   830 -9999     0     0 
10 -9999 100000   157    90   680 -9999 -9999 -9999 
10 -9999  85000  1475   -10   600 -9999 -9999 -9999 
10 -9999  70000  3000   -80   400 -9999 -9999 -9999 
10 -9999  50000  5527  -250   320 -9999 -9999 -9999 
10 -9999  40000  7117  -350   320 -9999 -9999 -9999 
10 -9999  30000  9070  -490 -9999 -9999 -9999 -9999 
10 -9999  20000 11650  -600 -9999 -9999 -9999 -9999 
10 -9999  15000 13460  -550 -9999 -9999 -9999 -9999 
10 -9999  10000 16060  -560 -9999 -9999 -9999 -9999 
10 -9999   7000 18280  -620 -9999 -9999 -9999 -9999 
#ARM00087585 1957 08 14 12 9999   10 ncdc6310          -345800  -584800
21 -9999 101800    25    40   970 -9999   200    10 
10 -9999 100000   171    40   850 -9999   100    40 
10 -9999  85000  1486   -30   910 -9999   230   120 
10 -9999  70000  3019   -90   340 -9999   210   100 
10 -9999  50000  5555  -190   560 -9999   260   330 
10 -9999  40000  7181  -320   520 -9999   260   370 
10 -9999  30000  9140  -500 -9999 -9999 -9999 -9999 
10 -9999  20000 11690  -600 -9999 -9999 -9999 -9999 
10 -9999  15000 13490  -590 -9999 -9999 -9999 -9999 
10 -9999  10000 16010  -620 -9999 -9999 -9999 -9999 
#ARM00087585 1957 08 15 00 9999    9 ncdc6310          -345800  -584800
21 -9999 101600    25    90   710 -9999    90    30 
10 -9999 100000   153    80   740 -9999 -9999 -9999 
10 -9999  85000  1480    40   370 -9999 -9999 -9999 
10 -9999  70000  3034   -50   470 -9999 -9999 -9999 
10 -9999  50000  5610  -190   670 -9999 -9999 -9999 
10 -9999  40000  7230  -320   420 -9999 -9999 -9999 
10 -9999  30000  9190  -480 -9999 -9999 -9999 -9999 
10 -9999  20000 11760  -600 -9999 -9999 -9999 -9999 
10 -9999  15000 13550  -600 -9999 -9999 -9999 -9999 
#ARM00087585 1957 08 15 12 9999    4 ncdc6310          -345800  -584800
21 -9999 101400    25    90   730 -9999    50    20 
10 -9999 100000   140    80   750 -9999   310   100 
10 -9999  85000  1476    70 -9999 -9999   360   100 
10 -9999  70000  3042   -40 -9999 -9999 -9999 -9999 
#ARM00087585 1957 08 16 00 9999   12 ncdc6310          -345800  -584800
21 -9999 101600    25   100   760 -9999   140    20 
10 -9999 100000   157   100   850 -9999 -9999 -9999 
10 -9999  85000  1495    70   230 -9999 -9999 -9999 
10 -9999  70000  3064   -30   850 -9999 -9999 -9999 
10 -9999  50000  5664  -180   830 -9999 -9999 -9999 
10 -9999  40000  7292  -300   830 -9999 -9999 -9999 
10 -9999  30000  9270  -470 -9999 -9999 -9999 -9999 
10 -9999  20000 11840  -640 -9999 -9999 -9999 -9999 
10 -9999  15000 13630  -590 -9999 -9999 -9999 -9999 
10 -9999  10000 16150  -640 -9999 -9999 -9999 -9999 
10 -9999   7000 18340  -630 -9999 -9999 -9999 -9999 
10 -9999   5000 20430  -600 -9999 -9999 -9999 -9999 
#ARM00087585 1957 08 16 12 9999   11 ncdc6310          -345800  -584800
21 -9999 101500    25    70   940 -9999   140    30 
10 -9999 100000   149    80   800 -9999   160    60 
10 -9999  85000  1481    30   700 -9999   150    70 
10 -9999  70000  3042   -40   980 -9999   190   100 
10 -9999  50000  5636  -190   820 -9999 -9999 -9999 
10 -9999  40000  7269  -310 -9999 -9999 -9999 -9999 
10 -9999  30000  9250  -460 -9999 -9999 -9999 -9999 
10 -9999  20000 11850  -560 -9999 -9999 -9999 -9999 
10 -9999  15000 13680  -580 -9999 -9999 -9999 -9999 
10 -9999  10000 16190  -650 -9999 -9999 -9999 -9999 
10 -9999   7000 18350  -660 -9999 -9999 -9999 -9999 
#ARM00087585 1957 08 17 00 9999   10 ncdc6310          -345800  -584800
21 -9999 101600    25    90   760 -9999   230    30 
10 -9999 100000   159    90   660 -9999 -9999 -9999 
10 -9999  85000  1488    30   290 -9999 -9999 -9999 
10 -9999  70000  3039   -60   900 -9999 -9999 -9999 
10 -9999  50000  5594  -230   400 -9999 -9999 -9999 
10 -9999  40000  7190  -350 -9999 -9999 -9999 -9999 
10 -9999  30000  9130  -500 -9999 -9999 -9999 -9999 
10 -9999  20000 11730  -510 -9999 -9999 -9999 -9999 
10 -9999  15000 13590  -550 -9999 -9999 -9999 -9999 
10 -9999  10000 16150  -600 -9999 -9999 -9999 -9999 
#ARM00087585 1957 08 18 00 9999    9 ncdc6310          -345800  -584800
21 -9999 102100    25    90   800 -9999    50    20 
10 -9999 100000   188    60   860 -9999 -9999 -9999 
10 -9999  85000  1509   -10   520 -9999 -9999 -9999 
10 -9999  70000  3047   -60   490 -9999 -9999 -9999 
10 -9999  50000  5587  -240   520 -9999 -9999 -9999 
10 -9999  40000  7176  -360 -9999 -9999 -9999 -9999 
10 -9999  30000  9100  -530 -9999 -9999 -9999 -9999 
10 -9999  20000 11700  -540 -9999 -9999 -9999 -9999 
10 -9999  15000 13530  -560 -9999 -9999 -9999 -9999 
#ARM00087585 1957 08 18 12 9999    9 ncdc6310          -345800  -584800
21 -9999 102100    25    80   800 -9999 -9999 -9999 
10 -9999 100000   197    60  1000 -9999    50    50 
10 -9999  85000  1526    10   720 -9999   160    40 
10 -9999  70000  3071   -70   550 -9999   230    10 
10 -9999  50000  5649  -200   400 -9999   270   120 
10 -9999  40000  7264  -330   460 -9999   270   150 
10 -9999  30000  9210  -510 -9999 -9999   260    80 
10 -9999  20000 11820  -560 -9999 -9999   280    70 
10 -9999  15000 13640  -570 -9999 -9999   280   250 
#ARM00087585 1957 08 19 00 9999    9 ncdc6310          -345800  -584800
21 -9999 101400    25   100   740 -9999    70    20 
10 -9999 100000   131   100   660 -9999 -9999 -9999 
10 -9999  85000  1476    40   560 -9999 -9999 -9999 
10 -9999  70000  3044   -30   620 -9999 -9999 -9999 
10 -9999  50000  5637  -170   550 -9999 -9999 -9999 
10 -9999  40000  7265  -290   490 -9999 -9999 -9999 
10 -9999  30000  9250  -460 -9999 -9999 -9999 -9999 
10 -9999  20000 11850  -560 -9999 -9999 -9999 -9999 
10 -9999  15000 13670  -570 -9999 -9999 -9999 -9999 
#ARM00087585 1957 08 19 12 9999   12 ncdc6310          -345800  -584800
21 -9999 100900    25    90   730 -9999   360    30 
10 -9999 100000    99   100   650 -9999   320    80 
10 -9999  85000  1454    80   430 -9999   300    90 
10 -9999  70000  3031   -30   990 -9999 -9999 -9999 
10 -9999  50000  5660  -160   650 -9999 -9999 -9999 
10 -9999  40000  7275  -290   760 -9999 -9999 -9999 
10 -9999  30000  9260  -460 -9999 -9999 -9999 -9999 
10 -9999  20000 11830  -640 -9999 -9999 -9999 -9999 
10 -9999  15000 13610  -600 -9999 -9999 -9999 -9999 
10 -9999  10000 16140  -600 -9999 -9999 -9999 -9999 
10 -9999   7000 18370  -590 -9999 -9999 -9999 -9999 
10 -9999   5000 20480  -600 -9999 -9999 -9999 -9999 
#ARM00087585 1957 08 20 00 9999    6 ncdc6310          -345800  -584800
21 -9999  99800    25   180   530 -9999   360    60 
10 -9999  85000  1404   170   250 -9999 -9999 -9999 
10 -9999  70000  3038    60   400 -9999 -9999 -9999 
10 -9999  50000  5696  -170   720 -9999 -9999 -9999 
10 -9999  40000  7331  -280   930 -9999 -9999 -9999 
10 -9999  30000  9380  -410 -9999 -9999 -9999 -9999 
#ARM00087585 1957 08 22 00 9999   10 ncdc6310          -345800  -584800
21 -9999 102300    25   110   640 -9999 -9999 -9999 
10 -9999 100000   214   100   600 -9999 -9999 -9999 
10 -9999  85000  1547    20   400 -9999 -9999 -9999 
10 -9999  70000  3190    20   400 -9999 -9999 -9999 
10 -9999  50000  5765  -140   330 -9999 -9999 -9999 
10 -9999  40000  7426  -260   300 -9999 -9999 -9999 
10 -9999  30000  9430  -450 -9999 -9999 -9999 -9999 
10 -9999  20000 12060  -580 -9999 -9999 -9999 -9999 
10 -9999  15000 13850  -650 -9999 -9999 -9999 -9999 
10 -9999  10000 16280  -690 -9999 -9999 -9999 -9999 
#ARM00087585 1957 08 22 12 9999    7 ncdc6310          -345800  -584800
21 -9999 102200    25    90   780 -9999    50    70 
10 -9999 100000   204    70   930 -9999    60   120 
10 -9999  85000  1556   120   400 -9999    10   120 
10 -9999  70000  3157    30   960 -9999   330    80 
10 -9999  50000  5809  -120   530 -9999 -9999 -9999 
10 -9999  40000  7470  -260   400 -9999 -9999 -9999 
10 -9999  30000  9480  -430 -9999 -9999 -9999 -9999 
#ARM00087585 1957 08 23 12 9999    6 ncdc6310          -345800  -584800
21 -9999 100200    25   150   850 -9999    50    40 
10 -9999 100000    43   150   850 -9999    10   120 
10 -9999  85000  1438   170   820 -9999   320   250 
10 -9999  70000  3087    50  1000 -9999 -9999 -9999 
10 -9999  50000  5760  -100   530 -9999 -9999 -9999 
10 -9999  40000  7454  -230   470 -9999 -9999 -9999 
#ARM00087585 1957 08 24 12 9999    7 ncdc6310          -345800  -584800
21 -9999 101900    25    50   690 -9999   220    20 
10 -9999 100000   177    40   580 -9999   260    70 
10 -9999  85000  1498    10   300 -9999   210   320 
10 -9999  70000  3056   -30   350 -9999   250   380 
10 -9999  50000  5687  -170   330 -9999 -9999 -9999 
10 -9999  40000  7315  -430 -9999 -9999 -9999 -9999 
10 -9999  30000  9290  -530 -9999 -9999 -9999 -9999 
#ARM00087585 1957 08 25 00 9999    8 ncdc6310          -345800  -584800
21 -9999 101900    25   100   620 -9999 -9999 -9999 
10 -9999 100000   178   120   620 -9999 -9999 -9999 
10 -9999  85000  1523    50   610 -9999 -9999 -9999 
10 -9999  70000  3103    20   500 -9999 -9999 -9999 
10 -9999  50000  5742  -130   480 -9999 -9999 -9999 
10 -9999  40000  7400  -260 -9999 -9999 -9999 -9999 
10 -9999  30000  9500  -420 -9999 -9999 -9999 -9999 
10 -9999  20000 12200  -470 -9999 -9999 -9999 -9999 
#ARM00087585 1957 08 27 00 9999   10 ncdc6310          -345800  -584800
21 -9999 100600    25   200   880 -9999    50    30 
10 -9999 100000    67   200   900 -9999 -9999 -9999 
10 -9999  85000  1481   190   560 -9999 -9999 -9999 
10 -9999  70000  3117   -60   790 -9999 -9999 -9999 
10 -9999  50000  5782  -120 -9999 -9999 -9999 -9999 
10 -9999  40000  7456  -230 -9999 -9999 -9999 -9999 
10 -9999  30000  9500  -480 -9999 -9999 -9999 -9999 
10 -9999  20000 12190  -580 -9999 -9999 -9999 -9999 
10 -9999  15000 13950  -680 -9999 -9999 -9999 -9999 
10 -9999  10000 16390  -680 -9999 -9999 -9999 -9999 
#ARM00087585 1957 08 27 12 9999   10 ncdc6310          -345800  -584800
21 -9999 100600    25   180   980 -9999 -9999 -9999 
10 -9999 100000    68   190   950 -9999   360   110 
10 -9999  85000  1470   160  1000 -9999 -9999 -9999 
10 -9999  70000  3111    90   750 -9999 -9999 -9999 
10 -9999  50000  5812   -80   380 -9999 -9999 -9999 
10 -9999  40000  7510  -190   350 -9999 -9999 -9999 
10 -9999  30000  9590  -330 -9999 -9999 -9999 -9999 
10 -9999  20000 12220  -540 -9999 -9999 -9999 -9999 
10 -9999  15000 14090  -630 -9999 -9999 -9999 -9999 
10 -9999  10000 16560  -560 -9999 -9999 -9999 -9999 
#ARM00087585 1957 08 28 00 9999   10 ncdc6310          -345800  -584800
21 -9999 100500    25   190   950 -9999   140    20 
10 -9999 100000    66   180   950 -9999 -9999 -9999 
10 -9999  85000  1452   130   920 -9999 -9999 -9999 
10 -9999  70000  3075    70   630 -9999 -9999 -9999 
10 -9999  50000  5747  -120   500 -9999 -9999 -9999 
10 -9999  40000  7424  -220   460 -9999 -9999 -9999 
10 -9999  30000  9480  -350 -9999 -9999 -9999 -9999 
10 -9999  20000 12190  -550 -9999 -9999 -9999 -9999 
10 -9999  15000 13990  -630 -9999 -9999 -9999 -9999 
10 -9999  10000 16480  -670 -9999 -9999 -9999 -9999 
#ARM00087585 1957 08 28 12 9999   10 ncdc6310          -345800  -584800
21 -9999 101100    25   140   980 -9999   110    40 
10 -9999 100000   109   140   970 -9999 -9999 -9999 
10 -9999  85000  1461   110   910 -9999 -9999 -9999 
10 -9999  70000  3070    50   780 -9999 -9999 -9999 
10 -9999  50000  5722  -110   270 -9999 -9999 -9999 
10 -9999  40000  7400  -230   270 -9999 -9999 -9999 
10 -9999  30000  9440  -360 -9999 -9999 -9999 -9999 
10 -9999  20000 12190  -500 -9999 -9999 -9999 -9999 
10 -9999  15000 14060  -510 -9999 -9999 -9999 -9999 
10 -9999  10000 16660  -560 -9999 -9999 -9999 -9999 
#ARM00087585 1957 08 29 00 9999    9 ncdc6310          -345800  -584800
21 -9999 100700    25   120   970 -9999   110    40 
10 -9999 100000    81   110   980 -9999 -9999 -9999 
10 -9999  85000  1445   110  1000 -9999 -9999 -9999 
10 -9999  70000  3016   -10   940 -9999 -9999 -9999 
10 -9999  50000  5618  -170   500 -9999 -9999 -9999 
10 -9999  40000  7246  -300   430 -9999 -9999 -9999 
10 -9999  30000  9230  -460 -9999 -9999 -9999 -9999 
10 -9999  20000 11810  -610 -9999 -9999 -9999 -9999 
10 -9999  15000 13580  -660 -9999 -9999 -9999 -9999 
#ARM00087585 1957 08 30 00 9999    9 ncdc6310          -345800  -584800
21 -9999 101700    25   160   740 -9999   220    10 
10 -9999 100000   162   120   590 -9999 -9999 -9999 
10 -9999  85000  1495     0   550 -9999 -9999 -9999 
10 -9999  70000  3026   -50   480 -9999 -9999 -9999 
10 -9999  50000  5648  -210   320 -9999 -9999 -9999 
10 -9999  40000  7255  -330   310 -9999 -9999 -9999 
10 -9999  30000  9220  -480 -9999 -9999 -9999 -9999 
10 -9999  20000 11820  -540 -9999 -9999 -9999 -9999 
10 -9999  15000 13650  -550 -9999 -9999 -9999 -9999 
#ARM00087585 1957 08 30 12 9999   10 ncdc6310          -345800  -584800
21 -9999 102300    25    20   930 -9999   200    20 
10 -9999 100000   202    40   720 -9999   180    40 
10 -9999  85000  1516   -20   460 -9999   190   110 
10 -9999  70000  3045   -80   240 -9999   230   160 
10 -9999  50000  5602  -230   240 -9999   250   290 
10 -9999  40000  7198  -360   240 -9999   240   270 
10 -9999  30000  9150  -480 -9999 -9999   270   270 
10 -9999  20000 11740  -570 -9999 -9999 -9999 -9999 
10 -9999  15000 13560  -560 -9999 -9999 -9999 -9999 
10 -9999  10000 16140  -560 -9999 -9999 -9999 -9999 
#ARM00087585 1957 08 31 00 9999    9 ncdc6310          -345800  -584800
21 -9999 102300    25   110   700 -9999     0     0 
10 -9999 100000   211   110   630 -9999 -9999 -9999 
10 -9999  85000  1538   -20   760 -9999 -9999 -9999 
10 -9999  70000  3076   -60   450 -9999 -9999 -9999 
10 -9999  50000  5634  -230   380 -9999 -9999 -9999 
10 -9999  40000  7226  -350 -9999 -9999 -9999 -9999 
10 -9999  30000  9170  -500 -9999 -9999 -9999 -9999 
10 -9999  20000 11760  -560 -9999 -9999 -9999 -9999 
10 -9999  15000 13600  -550 -9999 -9999 -9999 -9999 
